,Year,Status,Value,Close
0,2006,START,0,5.987
1,2007,TANG,139.2016034741941,14.321
2,2008,TANG,14.593952936247456,16.410999999999998
3,2009,GIAM,-77.81366156846018,3.641
4,2010,TANG,348.9975281516067,16.348
5,2011,GIAM,-27.355028137998534,11.876
6,2012,GIAM,-22.600202088245194,9.192
7,2013,TANG,35.19364664926022,12.427
8,2014,TANG,115.02373863362034,26.721
9,2015,TANG,9.876127390441972,29.36
10,2016,TANG,82.35694822888283,53.54
11,2017,TANG,54.79828165857301,82.87899999999999
12,2018,GIAM,-14.475319441595563,70.882
13,2019,GIAM,-37.74724189498039,44.126000000000005
14,2020,GIAM,-2.0622762090377633,43.216
15,2021,status,14.085124474145495,close
