,Year,Status,Value,Close
0,2009,START,0,36.031
1,2010,GIAM,-31.162054897171878,24.803
2,2011,TANG,124.97681732048542,55.801
3,2012,GIAM,-35.49757172810523,35.993
4,2013,GIAM,-3.909093434834561,34.586
5,2014,GIAM,-3.3915457121378436,33.413000000000004
6,2015,GIAM,-8.631371023254433,30.529
7,2016,TANG,63.93920534573684,50.049
8,2017,TANG,13.410857359787414,56.761
9,2018,TANG,16.99934814397208,66.41
10,2019,TANG,32.192440897455214,87.789
11,2020,GIAM,-21.402453610361206,69.0
12,2021,status,5.563649956761907,close
