,Year,Status,Value,Close
0,2006,START,0,17.169
1,2007,GIAM,-27.182713029296984,12.502
2,2008,TANG,96.54455287154053,24.572
3,2009,GIAM,-46.82972489011883,13.065
4,2010,TANG,30.019135093761978,16.987000000000002
5,2011,TANG,3.2201094954965592,17.534000000000002
6,2012,TANG,20.782479753621523,21.178
7,2013,TANG,30.881103031447743,27.718000000000004
8,2014,TANG,66.6606537268201,46.195
9,2015,TANG,12.839051845437826,52.126000000000005
10,2016,GIAM,-28.40233280896291,37.321
11,2017,TANG,57.477023659601834,58.772
12,2018,TANG,82.79963247805078,107.435
13,2019,GIAM,-32.770512402848226,72.22800000000001
14,2020,TANG,23.39397463587527,89.125
15,2021,status,11.604995976982991,close
