,Year,Status,Value,Close
0,2007,START,0,33.713
1,2008,GIAM,-13.128466763563024,29.287
2,2009,GIAM,-63.63915730528903,10.649000000000001
3,2010,TANG,103.00497699314491,21.618000000000002
4,2011,TANG,8.608566934961592,23.479
5,2012,GIAM,-27.48839388389625,17.025
6,2013,TANG,25.121879588839953,21.302
7,2014,GIAM,-3.440991456201282,20.569000000000003
8,2015,GIAM,-10.321357382468785,18.445999999999998
9,2016,GIAM,-3.6268025588203248,17.777
10,2017,TANG,24.93109073521966,22.209
11,2018,TANG,18.375433382862802,26.29
12,2019,TANG,3.822746291365548,27.295
13,2020,TANG,41.60102582890638,38.65
14,2021,status,0.980946152310147,close
