,Year,Status,Value,Close
0,2009,START,0,12.686
1,2010,GIAM,-12.596563140469815,11.088
2,2011,GIAM,-13.762626262626245,9.562000000000001
3,2012,TANG,2.3530642125078396,9.787
4,2013,TANG,37.77459895780117,13.484000000000002
5,2014,TANG,93.18451498071786,26.049
6,2015,TANG,20.154324542208915,31.299
7,2016,TANG,43.40394261797499,44.88399999999999
8,2017,TANG,25.672845557436958,56.407
9,2018,GIAM,-5.137660219476312,53.50899999999999
10,2019,GIAM,-28.083126203068637,38.482
11,2020,GIAM,-5.410321708850893,36.4
12,2021,status,9.18124854453437,close
