,Year,Status,Value,Close
0,2009,START,0,5.5729999999999995
1,2010,TANG,43.69280459357617,8.008
2,2011,GIAM,-27.884615384615373,5.775
3,2012,GIAM,-63.48051948051948,2.109
4,2013,TANG,55.571360834518735,3.281
5,2014,TANG,39.86589454434621,4.5889999999999995
6,2015,TANG,13.924602309871439,5.228
7,2016,TANG,59.21958684009182,8.324
8,2017,GIAM,-16.206150888995676,6.975
9,2018,TANG,120.94623655913979,15.411
10,2019,TANG,17.597819739147372,18.123
11,2020,GIAM,-21.094741488716,14.3
12,2021,status,8.169274333435151,close
