,Year,Status,Value,Close
0,2006,START,0,25.598000000000003
1,2007,TANG,10.000781311039919,28.158
2,2008,GIAM,-25.26812983876695,21.043000000000003
3,2009,GIAM,-65.38041153827876,7.285
4,2010,TANG,65.02402196293754,12.022
5,2011,TANG,1.4140741973049402,12.192
6,2012,GIAM,-20.201771653543314,9.729
7,2013,GIAM,-0.7400555041628039,9.657
8,2014,TANG,34.6380863622243,13.002
9,2015,TANG,31.510536840486076,17.099
10,2016,TANG,19.79063103105445,20.483
11,2017,TANG,12.89361909876484,23.124000000000002
12,2018,TANG,59.80799169693823,36.954
13,2019,GIAM,-16.82091248579314,30.738000000000003
14,2020,TANG,62.73017112369054,50.02
15,2021,status,4.567287752052929,close
