,Year,Status,Value,Close
0,2006,START,0,4.067
1,2007,TANG,29.530366363412824,5.268
2,2008,TANG,34.79498861047837,7.101
3,2009,GIAM,-75.13026334319109,1.766
4,2010,TANG,317.61041902604757,7.375
5,2011,GIAM,-36.40677966101694,4.69
6,2012,GIAM,-10.234541577825167,4.21
7,2013,TANG,64.98812351543944,6.946000000000001
8,2014,TANG,69.42124964008059,11.767999999999999
9,2015,TANG,45.18184908225699,17.085
10,2016,TANG,7.895815042434886,18.434
11,2017,GIAM,-12.265379190626032,16.173
12,2018,TANG,18.945155506090423,19.237000000000002
13,2019,TANG,44.88225814835991,27.871
14,2020,GIAM,-33.802159951203755,18.45
15,2021,status,10.606711389938116,close
