,Year,Status,Value,Close
0,2005,START,0,5.797999999999999
1,2006,GIAM,-8.813383925491522,5.287000000000001
2,2007,TANG,245.09173444297326,18.245
3,2008,TANG,28.051520964647857,23.363000000000003
4,2009,GIAM,-81.42361854213928,4.34
5,2010,TANG,210.78341013824885,13.488
6,2011,TANG,4.574436536180315,14.105
7,2012,GIAM,-46.68557249202411,7.52
8,2013,TANG,95.54521276595746,14.705
9,2014,TANG,28.14008840530432,18.843
10,2015,TANG,24.168126094570923,23.397
11,2016,GIAM,-18.613497456938912,19.042
12,2017,TANG,68.00231068165107,31.991
13,2018,TANG,18.91782063705417,38.043
14,2019,GIAM,-40.285992166758675,22.717
15,2020,GIAM,-13.721001892855561,19.6
16,2021,status,7.909856813885674,close
