,Year,Status,Value,Close
0,2006,START,0,13.39
1,2007,GIAM,-9.088872292755791,12.173
2,2008,TANG,24.38182863714777,15.140999999999998
3,2009,GIAM,-47.75774387424872,7.91
4,2010,TANG,140.4930467762326,19.023
5,2011,GIAM,-20.20186090522,15.18
6,2012,TANG,37.03557312252965,20.802
7,2013,TANG,51.65849437554082,31.548000000000002
8,2014,TANG,69.99809813617344,53.631
9,2015,TANG,11.364695791613071,59.726000000000006
10,2016,TANG,25.074506914911414,74.702
11,2017,GIAM,-0.27040775347380014,74.5
12,2018,TANG,20.12214765100671,89.491
13,2019,GIAM,-2.925433842509313,86.87299999999999
14,2020,TANG,2.4484016898230863,89.0
15,2021,status,13.459438157864877,close
