,Year,Status,Value,Close
0,2009,START,0,6.247000000000001
1,2010,TANG,54.666239795101646,9.662
2,2011,GIAM,-37.70440902504657,6.019
3,2012,GIAM,-41.56836683834524,3.517
4,2013,TANG,12.48222917259029,3.9560000000000004
5,2014,TANG,7.912032355915058,4.269
6,2015,TANG,28.17990161630359,5.472
7,2016,GIAM,-15.917397660818718,4.601
8,2017,GIAM,-21.538795913931757,3.61
9,2018,TANG,108.47645429362882,7.526
10,2019,GIAM,-21.28620781291523,5.9239999999999995
11,2020,GIAM,-6.937879810938549,5.513
12,2021,status,-1.0361975048754357,close
