,Year,Status,Value,Close
0,2008,START,0,18.212
1,2009,GIAM,-38.7162310564463,11.161
2,2010,TANG,52.45049726726997,17.015
3,2011,GIAM,-44.63120775786072,9.421
4,2012,GIAM,-33.9772847893005,6.22
5,2013,TANG,15.353697749196144,7.175
6,2014,TANG,59.58188153310105,11.45
7,2015,TANG,9.257641921397385,12.51
8,2016,TANG,24.64428457234213,15.593
9,2017,TANG,78.87513627909959,27.892
10,2018,TANG,18.360103255413758,33.013000000000005
11,2019,GIAM,-9.081271014448866,30.015
12,2020,TANG,43.928035982009,43.2
13,2021,status,6.870011037569079,close
