,Year,Status,Value,Close
0,2005,START,0,2.184
1,2006,TANG,1.6941391941391906,2.221
2,2007,TANG,38.85637100405221,3.0839999999999996
3,2008,TANG,54.247730220492876,4.757
4,2009,GIAM,-67.50052554130754,1.546
5,2010,TANG,93.59637774902977,2.9930000000000003
6,2011,TANG,26.896090878716993,3.798
7,2012,GIAM,-23.11743022643497,2.92
8,2013,GIAM,-11.472602739726026,2.585
9,2014,TANG,76.5183752417795,4.563
10,2015,TANG,11.001534078457171,5.065
11,2016,TANG,53.70187561697926,7.785
12,2017,TANG,103.55812459858704,15.847000000000001
13,2018,GIAM,-20.294061967564854,12.630999999999998
14,2019,GIAM,-27.369171087008148,9.174
15,2020,TANG,141.9882275997384,22.2
16,2021,status,15.5962568386252,close
