,Year,Status,Value,Close
0,2007,START,0,9.442
1,2008,GIAM,-20.895996610887533,7.468999999999999
2,2009,GIAM,-75.5790601151426,1.824
3,2010,TANG,121.38157894736842,4.038
4,2011,GIAM,-9.063893016344739,3.6719999999999997
5,2012,GIAM,-55.61002178649237,1.63
6,2013,TANG,12.085889570552153,1.827
7,2014,TANG,67.98029556650246,3.069
8,2015,TANG,145.8455522971652,7.545
9,2016,TANG,24.811133200795226,9.417
10,2017,GIAM,-28.034405861739405,6.777
11,2018,TANG,36.97801387044414,9.283
12,2019,TANG,39.265323710007536,12.927999999999999
13,2020,TANG,10.225866336633672,14.25
14,2021,status,2.9835643743435503,close
